25.2789
10.3698
44.6622
14.8819
50.6867
15.4264
72.8216
20.4572
21.196
8.44412
6.99269
19.0911
26.0275
31.6309
6.5323
27.06
16.6315
27.8046
28.1719
24.8528
43.9054
20.7587
19.5194
30.5518
39.1802
123.125
29.2076
24.4684
3.50249
167.935
37.7841
3.35937
19.6474
115.58
10.8719
7.54332
26.1888
20.1465
0.678643
79.8708
4.89048
4.77779
16.0092
9.2191
33.2099
17.9952
30.8826
10.7944
90.8341
5.67031
23.0074
2.7393
33.2411
7.3806
20.6819
79.4125
3.10547
43.8502
12.2078
37.394
33.9141
11.6925
56.5705
92.6856
64.1566
37.1203
14.4223
52.6533
9.41997
5.08702
14.7137
10.4783
38.3187
12.8031
22.6452
9.81365
7.37859
28.5636
50.6556
6.24613
0.765705
23.6548
40.3743
32.2238
48.426
24.9145
56.7201
30.484
157.237
0.885185
32.8287
15.5038
50.017
13.7032
39.3669
8.21519
1.49977
25.0896
20.4208
6.07795
10.655
12.5454
67.3377
88.1439
51.6525
36.1512
9.54125
35.2227
96.7106
87.6879
6.28213
14.9901
33.7728
37.1891
23.5782
6.74211
49.2662
96.1052
10.996
20.6671
41.787
72.2668
48.9066
39.9645
19.5391
15.0418
7.60372
61.3506
24.1787
127.472
1.19156
18.8165
47.1624
31.0607
53.5332
8.87372
23.6741
31.0656
49.6099
0.456763
93.3313
5.72824
14.0266
60.4194
155.972
6.60933
9.1063
3.40606
56.8535
67.6058
