document id	author id	frequency
1	1037	7
1	1768	1
1	3075	1
1	4565	1
1	7318	1
1	7703	1
1	9219	1
1	9327	1
1	11953	1
1	12129	1
1	13296	3
1	13806	5
1	14206	2
1	19534	1
2	4022	5
2	14277	1
3	1021	1
3	1313	2
3	1769	1
3	1984	1
3	2983	2
3	3075	1
3	3931	1
3	5710	2
3	9009	3
3	9210	9
3	9219	2
3	9236	3
3	9327	2
3	9338	2
3	9377	1
3	10027	3
3	10815	1
3	11953	2
3	12129	1
3	12641	1
3	12736	1
3	13165	17
3	13806	12
3	15055	2
3	15971	5
3	17024	1
3	19017	6
3	19534	5
3	20164	1
3	20719	1
3	21880	1
3	25017	1
3	25044	7
4	1313	2
4	4565	1
4	6186	3
4	9009	3
4	9219	1
4	9327	1
4	11953	1
4	12129	2
4	12552	3
4	12736	2
4	13806	8
4	14277	3
4	17837	1
4	18490	3
4	18816	2
4	19534	3
4	24973	2
4	26286	9
5	21909	1
6	9948	1
6	20603	1
6	23272	1
10	1313	3
10	5304	1
10	9210	1
10	13165	3
10	13806	1
10	18816	1
10	19017	2
10	20225	4
10	24252	1
10	25044	2
11	1313	2
11	1768	1
11	4565	1
11	9009	1
11	13806	4
11	18816	2
11	19549	1
11	21909	1
12	1021	1
12	1313	2
12	9377	1
12	13165	4
12	13806	1
12	18816	1
12	19017	5
12	22671	1
12	25044	1
13	1313	1
13	1768	1
13	2811	1
13	2983	9
13	3075	1
13	3931	5
13	5710	3
13	7318	1
13	7703	1
13	9009	3
13	9210	2
13	9236	2
13	9327	1
13	10027	3
13	10815	1
13	11953	2
13	12129	1
13	13165	1
13	13806	8
13	15971	1
13	18816	1
13	19534	7
13	20719	1
13	25044	1
13	25685	1
13	26286	1
14	1021	1
14	1313	3
14	2811	3
14	2983	1
14	3075	1
14	4565	1
14	4587	1
14	7318	1
14	7703	2
14	9009	1
14	9210	5
14	9219	1
14	9338	2
14	9377	1
14	13165	13
14	13806	9
14	15055	1
14	18816	1
14	19017	6
14	24252	2
14	25044	6
14	25156	1
14	26060	3
15	1021	1
15	1313	1
15	3075	1
15	4565	3
15	9009	1
15	9327	1
15	9338	2
15	12641	1
15	13165	1
15	13806	5
15	18816	1
15	19017	1
15	19720	1
15	25156	1
15	26060	1
16	2983	1
16	9134	5
16	10027	1
16	19534	1
16	24973	6
16	25685	9
17	2983	1
17	13296	1
18	1313	1
18	9009	1
18	9338	1
18	13109	1
18	13806	1
18	14206	1
18	18816	1
18	20164	1
18	20807	1
18	22742	2
19	1021	1
19	13165	1
19	14277	1
19	19017	1
20	13884	1
21	4022	3
21	9134	1
21	24973	1
21	26286	1
22	1021	1
22	1313	4
22	2983	1
22	3075	1
22	4565	1
22	7318	1
22	7703	1
22	9210	1
22	9338	2
22	13165	6
22	13806	5
22	15055	1
22	18816	1
22	19017	3
22	22671	4
22	24252	2
22	25044	3
22	25156	1
22	26060	1
23	14277	1
27	1769	5
27	1984	2
27	2983	1
27	3931	1
27	10027	1
27	17024	3
27	19534	1
27	20164	2
27	20807	3
27	21880	1
27	25017	3
30	1021	1
30	1313	4
30	2983	1
30	5710	1
30	9009	2
30	9338	1
30	13165	3
30	13806	5
30	16860	1
30	18816	2
30	19017	1
30	19720	1
30	20719	1
30	22671	3
30	24462	3
30	25156	2
30	26060	1
31	1021	1
31	1313	2
31	2811	1
31	3075	3
31	7703	1
31	9009	2
31	9219	1
31	9236	1
31	9338	4
31	10027	1
31	12129	1
31	13165	3
31	13806	7
31	16446	1
31	16860	2
31	18816	2
31	19017	1
31	19534	1
31	19720	4
31	24462	3
31	25156	1
35	1021	1
35	1313	3
35	2811	1
35	3075	3
35	4565	1
35	7318	1
35	7703	2
35	9009	1
35	9210	1
35	9219	1
35	9236	1
35	9338	1
35	9377	2
35	10027	1
35	12129	1
35	13165	6
35	13806	7
35	18816	1
35	19017	4
35	19534	1
35	22671	1
35	24252	2
35	25044	2
35	25156	1
35	26060	1
36	1313	2
36	2983	1
36	4565	1
36	5710	1
36	9134	4
36	9948	1
36	10027	1
36	12129	1
36	12736	1
36	13806	2
36	14277	1
36	18816	1
36	19534	7
36	20603	12
36	23272	10
36	24973	19
36	25685	1
37	1021	3
37	1313	4
37	3075	2
37	7318	1
37	7703	1
37	9009	2
37	9377	2
37	13165	10
37	13806	6
37	15055	1
37	18816	2
37	19017	11
37	20603	1
37	22671	1
37	25044	1
39	1313	1
39	1768	1
39	13041	7
39	13165	2
39	13806	1
39	17284	11
39	19017	1
39	23292	12
41	1769	1
41	1984	1
41	3931	2
41	4565	1
41	9210	2
41	9236	2
41	10027	2
41	13806	4
41	15971	1
41	16860	1
41	17024	1
41	19534	7
41	20719	1
41	20988	1
41	21909	1
41	25017	1
42	1037	2
42	9948	3
43	4565	1
43	13109	3
43	13806	1
43	19354	2
44	11727	2
44	24064	2
44	25017	1
45	14277	1
45	17837	1
45	25156	1
46	1768	7
46	9327	1
46	18850	2
46	19549	3
48	1313	2
48	1768	1
48	2983	6
48	3931	1
48	4565	2
48	5710	7
48	9009	4
48	9210	4
48	9338	2
48	10027	1
48	10815	4
48	11953	1
48	12641	1
48	13109	2
48	13165	2
48	13806	15
48	15971	2
48	16860	1
48	17837	2
48	18816	2
48	19354	1
48	19534	2
48	20719	1
48	20988	1
48	25044	3
48	25685	3
49	13041	1
49	23292	1
50	1313	2
50	13041	6
50	13165	1
50	13806	1
50	17284	9
50	18816	1
50	19017	1
50	23292	12
52	1313	1
52	1768	1
52	2983	4
52	3600	1
52	4565	1
52	5710	3
52	7433	2
52	9009	4
52	9210	5
52	9338	6
52	9377	2
52	10815	2
52	13165	6
52	13806	9
52	14277	1
52	15971	2
52	18816	1
52	18850	1
52	19017	2
52	19354	3
52	19549	1
52	20719	1
52	24973	1
52	25044	4
52	26286	1
53	8298	2
53	11727	1
53	14277	1
53	21909	1
53	24064	2
54	4565	1
54	5710	3
54	9210	1
54	9338	1
54	10815	2
54	13806	3
54	15971	1
54	20460	1
54	20988	1
54	24462	1
54	25685	1
57	1769	3
57	1984	1
57	17024	1
57	20397	1
57	20807	2
57	25017	3
59	1313	1
59	1768	1
59	1769	2
59	1984	1
59	3075	1
59	3931	1
59	4565	1
59	5710	1
59	9210	2
59	9236	2
59	9377	2
59	10027	2
59	10815	1
59	11953	2
59	12736	2
59	13165	5
59	13806	5
59	17024	2
59	18816	2
59	19017	4
59	19534	5
59	21880	1
59	22671	1
59	25044	2
68	1313	4
68	1768	2
68	2811	1
68	2983	4
68	3075	3
68	3600	1
68	3931	3
68	4565	1
68	5710	1
68	7318	1
68	7703	2
68	9009	2
68	9210	2
68	9219	1
68	9236	6
68	9327	2
68	9377	1
68	10027	2
68	11953	2
68	12129	4
68	12736	1
68	13165	4
68	13806	11
68	18816	2
68	19017	2
68	19534	16
68	20603	1
68	20719	1
68	20807	1
68	21909	1
68	25044	1
71	3600	1
71	13884	1
71	17837	3
73	1313	1
73	1768	1
73	9009	1
73	13806	1
73	18816	1
73	19549	1
74	1313	1
74	2015	1
74	9009	1
74	9134	8
74	13806	1
74	14277	1
74	18816	1
74	24973	1
74	25685	1
76	3600	1
76	7433	1
76	10390	1
76	17837	1
76	20225	1
76	20719	1
76	22742	1
78	12129	1
78	16860	4
78	19720	6
78	24462	1
80	16446	1
81	1313	3
81	4565	1
81	9009	1
81	9338	1
81	13806	8
81	18816	3
81	20603	1
81	25156	2
82	4022	31
82	22972	31
83	1313	1
83	3600	1
83	4565	1
83	7433	1
83	9210	1
83	9219	1
83	9327	2
83	12094	1
83	12129	1
83	13806	3
83	18816	1
83	20807	1
84	9327	1
84	9338	2
84	13806	1
84	19720	2
84	24462	3
85	1313	2
85	2983	2
85	3075	1
85	4565	1
85	5710	1
85	7318	1
85	7703	1
85	9009	5
85	9210	1
85	10815	1
85	12641	1
85	13165	1
85	13806	9
85	13884	1
85	16860	2
85	18816	3
85	19354	1
85	20164	1
85	20719	2
85	21909	1
85	25044	1
85	26286	2
86	14277	1
87	9134	1
87	13884	1
89	1021	1
89	1313	3
89	3075	1
89	9009	6
89	9219	3
89	9338	1
89	9377	1
89	11953	1
89	12129	1
89	13165	2
89	13806	18
89	14206	1
89	16446	1
89	18816	4
89	19017	2
89	19534	1
89	24252	1
89	25156	1
89	26060	3
91	1021	2
91	1313	5
91	7318	1
91	7703	1
91	9009	3
91	9210	1
91	9219	1
91	9327	1
91	12129	1
91	13165	4
91	13806	5
91	18816	3
91	19017	2
91	20988	1
91	22671	1
91	25044	2
93	4587	3
94	1021	2
94	1313	4
94	3075	1
94	9009	1
94	9377	5
94	13165	10
94	13806	4
94	18816	2
94	19017	14
94	20988	1
94	22671	3
95	1313	5
95	1768	3
95	2983	7
95	3075	3
95	3600	1
95	3931	5
95	4565	1
95	5710	3
95	7433	1
95	7703	1
95	9009	3
95	9210	2
95	9219	1
95	9236	1
95	9327	2
95	9377	1
95	10027	4
95	10815	1
95	11953	5
95	12094	2
95	12129	2
95	12736	1
95	13165	4
95	13806	14
95	14277	1
95	18816	3
95	19017	2
95	19534	11
95	20603	5
95	20719	1
95	20807	1
95	21909	1
95	23272	2
95	24973	3
95	25044	3
95	25156	1
95	25685	2
96	9236	3
96	10027	1
96	11953	1
96	12736	2
96	19534	5
97	11727	1
97	20164	1
97	21909	1
97	24064	3
99	14277	1
99	25156	7
101	1037	3
101	1313	1
101	1768	1
101	3075	1
101	7318	1
101	7703	1
101	9009	3
101	12129	1
101	12641	1
101	13806	5
101	18816	2
102	1984	3
102	12094	1
104	1313	1
104	9281	1
104	9327	2
104	13806	2
104	18816	1
104	20988	1
104	22742	1
105	4565	1
105	9009	1
105	13109	1
105	13806	3
105	16860	1
105	20603	1
106	3600	1
106	19534	5
106	26060	1
108	23317	3
109	1313	1
109	13806	1
109	16446	1
109	18816	1
109	20603	2
109	23272	1
109	24462	1
111	1768	2
111	20603	2
115	9338	7
115	13806	1
115	19354	2
120	12290	14
121	1313	3
121	13041	2
121	13806	1
121	17284	5
121	18816	1
121	19017	2
121	23292	3
122	1313	3
122	13165	4
122	13806	1
122	18816	1
122	19017	3
122	22671	1
122	25044	1
123	1021	1
123	1313	3
123	1768	1
123	3075	1
123	9009	3
123	9210	1
123	9377	4
123	11953	1
123	13165	8
123	13806	6
123	15055	1
123	18816	2
123	19017	7
123	19534	1
123	20164	1
123	22671	1
123	25044	3
124	4565	1
124	13806	1
127	1313	2
127	3075	2
127	7318	1
127	7703	1
127	9009	2
127	9219	1
127	9327	1
127	12129	1
127	13806	5
127	16860	1
127	17837	1
127	18816	1
127	20719	1
129	1313	1
129	13041	2
129	13165	2
129	13806	2
129	15055	1
129	17284	3
129	18816	1
129	19017	1
129	20988	1
129	23292	2
129	25044	1
130	2983	1
130	5710	1
130	9009	3
130	9210	1
130	9338	2
130	10815	1
130	13165	1
130	13806	3
130	19354	1
130	25044	1
132	2983	3
132	4565	1
132	5710	2
132	10815	2
132	13806	6
132	16860	1
132	19354	2
132	20719	2
134	1313	1
134	2983	1
134	3600	1
134	5710	4
134	7433	1
134	9210	1
134	9338	1
134	10815	3
134	13165	1
134	13806	3
134	17837	2
134	18816	1
134	19354	2
134	20225	1
134	20719	3
134	22742	4
134	24462	1
134	25044	1
135	23272	1
139	1769	12
139	1984	16
139	4022	2
139	17024	5
139	20397	8
139	21880	12
140	1313	1
140	2983	1
140	4565	1
140	5710	1
140	9009	3
140	9281	2
140	9327	1
140	9338	34
140	10815	1
140	11727	1
140	12641	1
140	13109	5
140	13806	7
140	13884	1
140	16860	1
140	18816	1
140	19354	7
140	19720	1
140	24064	2
140	24462	1
141	20988	1
142	9990	1
143	1984	2
143	21880	1
144	9990	1
146	5710	1
146	13806	1
146	20988	1
148	1768	2
148	20603	1
150	9134	1
150	14277	1
151	1313	2
151	5710	2
151	9009	1
151	10815	1
151	12094	2
151	12641	1
151	13296	8
151	13806	4
151	14206	5
151	16446	1
151	18816	2
151	19354	1
151	20225	1
151	25044	1
152	9009	1
152	9219	1
152	9327	1
152	12129	1
152	13806	2
152	20719	1
152	24462	1
156	9210	2
156	13165	2
156	15055	2
156	25044	3
159	2983	1
159	5710	1
159	9009	2
159	10815	2
159	13806	2
159	13884	1
159	16446	1
160	12290	3
161	1021	1
161	1313	4
161	2811	3
161	2983	1
161	3075	3
161	4565	1
161	7318	1
161	7703	2
161	9009	1
161	9210	1
161	9219	1
161	9338	2
161	9377	1
161	13165	5
161	13806	9
161	15055	1
161	18816	2
161	19017	3
161	22671	1
161	24252	2
161	25044	3
161	25156	1
161	26060	1
162	1313	5
162	1768	1
162	2983	4
162	3075	3
162	3600	1
162	3931	4
162	4565	1
162	7433	1
162	7703	1
162	9009	3
162	9219	1
162	9236	4
162	9281	1
162	9327	1
162	10027	1
162	11953	3
162	12129	1
162	12736	4
162	13806	12
162	18816	3
162	19534	11
162	20719	1
162	21909	1
164	1313	1
164	3075	1
164	4565	1
164	5710	1
164	7318	1
164	7703	1
164	9009	5
164	12641	2
164	13806	7
164	13884	5
164	15971	1
164	18816	1
164	20603	1
164	25685	2
164	26286	6
167	20460	1
169	4587	3
169	8298	1
169	13296	1
169	20164	1
169	26060	1
171	1313	2
171	3075	1
171	9009	1
171	12641	1
171	13806	3
171	18816	2
172	1768	1
173	14277	1
174	5710	3
174	9009	3
174	10815	4
174	13806	3
174	13884	1
174	22671	1
174	25685	4
174	26286	1
175	13041	2
175	23292	2
178	1768	2
178	3600	1
178	5710	2
178	7433	1
178	9210	1
178	10815	1
178	11727	1
178	13165	1
178	13806	1
178	14277	1
178	15055	1
178	16860	1
178	19354	1
178	20719	1
178	20807	1
178	24064	1
178	25017	1
178	25044	1
180	1313	1
180	3931	2
180	11953	3
180	13806	2
180	18816	1
180	19534	5
180	21909	1
182	3600	2
182	7433	1
182	10390	2
182	12436	21
182	14206	1
185	4022	1
187	25044	1
191	1021	1
191	13165	1
191	19017	1
195	1313	3
195	3075	1
195	13806	3
195	18816	2
195	24973	1
196	1021	1
196	1313	4
196	1769	1
196	1984	2
196	2983	2
196	3075	1
196	4565	1
196	5710	3
196	7318	1
196	7703	1
196	9009	3
196	9210	3
196	9219	2
196	9236	2
196	9327	3
196	9338	2
196	9377	1
196	10027	1
196	10390	1
196	10815	2
196	11953	2
196	12129	1
196	12736	2
196	13165	9
196	13806	14
196	15055	7
196	15971	1
196	17024	1
196	18816	2
196	19017	4
196	19534	4
196	20164	1
196	20719	1
196	21880	1
196	21909	1
196	22671	1
196	25017	1
196	25044	10
196	25685	1
198	12094	1
198	25017	1
199	1313	2
199	8940	1
199	13806	1
199	20988	1
200	3075	1
200	9009	1
200	9338	3
200	13806	4
200	16860	4
200	19720	2
200	24462	2
200	25156	2
205	1313	1
205	25685	1
206	1313	4
206	2811	1
206	3075	2
206	4565	1
206	7318	1
206	7703	1
206	9009	2
206	9948	1
206	13165	1
206	13806	6
206	18816	2
206	20225	1
206	25044	2
207	1021	1
207	1313	3
207	3075	1
207	4565	1
207	7318	1
207	7703	1
207	9009	4
207	9134	1
207	9219	2
207	9338	1
207	9377	1
207	10390	1
207	11953	1
207	12129	1
207	13165	2
207	13806	16
207	18816	2
207	19017	2
207	19534	1
207	24252	1
207	25156	1
208	8940	33
211	1313	3
211	9009	1
211	9377	2
211	13165	2
211	13806	3
211	18816	2
211	19017	4
211	22671	1
214	1313	2
214	13806	1
214	18816	1
214	20225	4
215	1768	4
215	19549	1
216	13296	3
216	14206	2
217	23317	1
218	12736	1
218	19534	1
219	1313	2
219	1769	3
219	1984	1
219	9009	2
219	13806	3
219	17024	3
219	18816	1
219	20164	1
219	20988	1
220	1313	1
220	1768	3
220	3075	1
220	4565	1
220	5710	1
220	7318	1
220	7703	1
220	9009	2
220	9327	1
220	10815	1
220	13806	6
220	16860	1
220	18816	2
220	20807	1
221	1313	1
221	3075	1
221	9009	3
221	12641	1
221	13806	2
221	18816	1
222	1313	3
222	2811	1
222	3075	2
222	7703	1
222	9009	2
222	9338	2
222	13806	6
222	16860	6
222	18816	1
222	19720	4
222	24462	4
222	25156	1
223	1313	2
223	2983	1
223	6186	17
223	12552	9
223	13806	1
223	14277	2
223	16446	1
223	18490	8
223	18816	1
224	21909	1
225	1021	1
225	1313	4
225	1768	1
225	3075	2
225	7318	1
225	7703	1
225	9009	2
225	12129	1
225	13165	1
225	13806	6
225	14277	1
225	15055	2
225	18816	3
225	22671	1
225	24252	1
225	25044	2
225	26060	2
226	1313	1
226	9009	1
226	13109	3
226	13806	1
226	18816	1
226	20807	1
226	25017	1
227	1313	3
227	2983	2
227	3075	3
227	3600	1
227	3931	5
227	7433	1
227	7703	1
227	9009	3
227	9219	1
227	9236	2
227	9281	2
227	9327	1
227	9948	1
227	10027	1
227	11727	1
227	11953	5
227	12129	1
227	12736	6
227	13806	10
227	13884	1
227	14277	1
227	18816	3
227	19534	13
227	20164	1
227	20603	1
227	23272	1
227	24973	1
228	20460	3
230	1768	1
230	18850	1
231	1313	3
231	1768	1
231	2811	1
231	3075	1
231	7318	1
231	7703	2
231	9009	2
231	9377	2
231	13165	5
231	13806	4
231	15055	2
231	18816	2
231	19017	4
231	20719	1
231	22671	2
231	25044	2
232	1021	1
232	1313	3
232	1769	2
232	1984	1
232	2811	1
232	3075	1
232	4565	1
232	7318	1
232	7703	2
232	9009	2
232	9377	2
232	10390	1
232	13165	5
232	13806	5
232	15055	3
232	17024	2
232	18816	3
232	19017	4
232	20225	2
232	21880	1
232	22671	1
232	25044	4
232	26060	1
233	1313	1
233	1768	3
233	4587	6
233	9009	1
233	9281	1
233	10815	1
233	11727	1
233	12094	2
233	13296	1
233	13806	1
233	15055	1
233	17837	1
233	18816	1
233	19549	1
233	20164	1
233	20603	1
233	21909	1
233	23272	1
233	24064	1
233	25044	1
233	26060	1
234	1768	2
234	4587	4
234	14277	1
234	19549	1
234	20225	1
234	24252	1
234	24973	1
234	26060	1
236	1768	1
236	14277	1
236	20807	1
236	21909	1
237	1313	6
237	1769	2
237	1984	1
237	3075	2
237	4565	1
237	5304	1
237	5710	3
237	9009	3
237	9210	9
237	9219	1
237	9327	3
237	9377	1
237	10390	1
237	10815	2
237	12129	2
237	13165	14
237	13806	11
237	15055	9
237	15971	5
237	16446	1
237	17024	2
237	18816	3
237	19017	3
237	20164	2
237	20225	5
237	20988	1
237	21880	1
237	21909	1
237	24252	5
237	25017	1
237	25044	20
237	25156	1
237	25685	1
237	26060	1
238	1313	1
238	1768	1
238	3075	1
238	4565	1
238	5710	1
238	7318	1
238	7703	1
238	9009	3
238	9219	1
238	9327	2
238	10815	1
238	12129	1
238	13806	6
238	18816	1
238	20807	1
238	25685	1
242	1313	2
242	6186	4
242	8298	2
242	12552	4
242	13806	1
242	14277	2
242	18490	4
242	18816	1
244	1768	2
246	1768	1
246	3600	12
246	7433	8
246	10390	12
246	12094	2
246	13806	1
246	13884	1
246	14206	3
246	18850	9
249	1313	1
249	6186	3
249	12552	3
249	14277	1
249	18490	2
249	20460	1
250	1313	2
250	11727	2
250	13806	2
250	16860	1
250	18816	1
250	20719	1
250	24064	1
253	3600	1
253	5710	3
253	7433	1
253	9327	1
253	9990	1
253	10815	1
253	16446	3
253	20225	1
253	25044	1
254	1313	2
254	2983	1
254	3931	2
254	9009	1
254	11953	2
254	13806	3
254	18816	2
254	19534	2
257	1313	3
257	1768	2
257	9009	2
257	9990	1
257	12094	3
257	12641	1
257	13806	7
257	16446	4
257	16860	1
257	18816	2
257	19549	1
257	20164	1
257	20719	1
257	20988	2
257	26060	1
258	21909	1
260	8298	5
260	11727	1
260	21909	1
260	24064	1
261	1313	2
261	2811	1
261	3075	1
261	7703	1
261	8298	1
261	9009	2
261	13806	4
261	16860	1
261	18816	1
261	21909	1
261	24462	1
264	1313	2
264	7318	1
264	7703	1
264	13165	1
264	13806	1
264	18816	1
264	22671	1
265	20460	2
266	8298	1
266	13806	1
266	17837	1
266	21909	1
266	25156	1
267	1313	1
270	1313	2
270	9210	2
270	13165	4
270	13806	1
270	15055	2
270	15971	2
270	18816	1
270	25044	3
270	26060	2
272	2811	3
272	7703	1
276	1313	2
276	1768	2
276	1769	1
276	3075	1
276	4565	1
276	7318	1
276	7703	1
276	9009	5
276	9327	1
276	9990	1
276	12129	3
276	12641	2
276	13806	11
276	16446	1
276	16860	1
276	17024	1
276	18816	4
276	20164	1
276	20719	1
276	20807	1
278	4565	1
278	5710	2
278	9009	2
278	9338	2
278	10815	1
278	12641	1
278	13806	3
278	13884	1
279	1768	1
279	1769	2
279	1984	3
279	4565	1
279	13806	3
279	15055	2
279	17024	1
279	25044	2
280	1313	1
280	1768	10
280	13806	1
280	18816	1
280	20164	1
280	21909	1
280	24064	1
280	25017	1
281	4565	1
281	7433	1
283	20807	1
283	25017	1
285	10390	1
286	1313	1
286	13165	1
286	13806	1
286	15055	1
286	18816	1
286	25044	1
287	1313	1
287	4565	1
287	5710	2
287	9009	3
287	9327	1
287	9338	2
287	10815	2
287	12641	1
287	13806	4
287	16446	2
287	18816	1
287	19354	1
287	20807	1
287	24064	1
287	26286	1
288	1313	2
288	1768	1
288	5710	1
288	10815	1
288	13165	4
288	13806	2
288	15055	4
288	17837	1
288	18816	1
288	25044	7
288	26060	2
290	1313	1
290	3931	3
290	9009	2
290	11953	2
290	12736	6
290	13806	3
290	13884	1
290	18816	1
290	19534	12
290	20603	5
290	20807	1
290	23272	2
290	24973	3
291	4565	1
291	9281	8
291	12094	2
291	13296	14
291	13806	1
291	14206	7
291	16446	2
291	26060	1
292	20460	2
293	20460	1
293	25156	2
296	17837	2
297	1037	9
297	2015	5
297	5448	36
297	9948	15
297	9990	8
297	20603	7
297	20807	1
297	23272	10
302	1313	2
302	6186	3
302	12552	3
302	13806	1
302	14277	1
302	18490	3
302	18816	1
306	4587	2
307	1313	1
307	5710	2
307	9009	1
307	9281	1
307	10815	1
307	13806	2
307	13884	1
307	18816	1
308	1769	3
308	1984	1
308	9281	7
308	13109	1
308	13296	2
308	17024	3
310	20460	1
316	1984	1
316	20164	1
318	1313	2
318	1768	1
318	2015	1
318	9377	2
318	13165	1
318	13806	1
318	15055	1
318	18816	1
318	19017	4
318	25044	1
320	11727	1
320	24064	1
322	1313	3
322	4565	1
322	7318	1
322	7703	1
322	9009	2
322	13806	5
322	16860	1
322	18816	2
322	24462	1
324	1768	2
324	18850	6
324	19549	1
325	9990	1
325	13806	1
327	1313	2
327	6186	2
327	8298	2
327	12552	4
327	13806	1
327	14277	1
327	18490	1
327	18816	1
331	12290	4
331	20460	5
332	1313	2
332	13806	2
332	18816	1
334	1313	1
334	13806	1
334	18816	1
335	2015	1
335	5710	3
335	9134	1
335	9338	1
335	10815	1
335	13806	2
335	13884	1
335	20988	1
335	24973	1
335	25044	1
335	25685	5
337	5304	3
339	1313	2
339	6186	5
339	8298	2
339	12552	5
339	13806	1
339	14277	1
339	18490	5
339	18816	1
340	1313	1
340	3075	1
340	4565	1
340	7318	1
340	7703	1
340	9009	2
340	13806	6
340	18816	2
340	20807	1
341	1768	1
341	5710	2
341	9327	2
341	13806	1
341	19354	1
341	20988	1
341	25685	1
345	13806	1
345	13884	1
345	18816	1
346	20460	4
348	9948	1
349	4587	3
349	9948	1
349	12094	1
349	12290	1
349	26060	3
352	1313	3
352	13806	1
352	13884	2
352	17837	1
352	18816	1
352	22671	1
353	22742	2
354	1769	1
354	1984	1
354	17024	1
354	20397	3
354	21880	1
357	1313	3
357	2983	1
357	3075	2
357	4565	1
357	5710	1
357	7318	1
357	7703	1
357	9009	6
357	9990	1
357	10815	1
357	12641	2
357	13806	12
357	13884	1
357	16860	1
357	18816	2
357	20164	2
357	20603	1
357	20719	1
357	21909	1
357	26286	4
361	3600	1
361	17837	1
361	18850	1
363	1768	2
363	1769	1
363	8298	3
363	14277	1
363	17024	1
363	25017	3
366	20460	3
368	9009	1
368	13806	1
368	17837	12
368	20225	2
368	20719	1
368	24252	1
368	25044	1
370	1313	1
370	5304	2
370	23317	1
373	1313	2
373	6186	1
373	8298	1
373	12552	1
373	13806	1
373	18816	1
374	1313	4
374	3075	1
374	4565	1
374	7318	1
374	7703	1
374	9009	3
374	12641	1
374	13806	8
374	16446	1
374	18816	2
374	20603	1
374	24252	2
374	26060	1
375	25017	1
376	1313	3
376	1768	2
376	9009	1
376	13806	5
376	18816	2
376	20807	1
376	20988	2
377	22742	1
381	13109	3
381	13806	1
381	20164	1
382	1313	4
382	5304	2
382	9009	1
382	12094	1
382	13806	2
382	15055	2
382	18816	2
382	20164	1
382	20460	1
382	20807	1
382	21909	1
382	25044	1
384	1313	4
384	1768	1
384	4565	1
384	9009	2
384	9990	1
384	12641	1
384	13806	10
384	16446	1
384	16860	1
384	18816	3
384	20719	1
384	20988	1
384	26060	1
385	1768	3
385	21909	1
386	5304	2
387	1984	1
387	21880	1
388	1769	2
388	20397	20
389	1768	1
389	8298	9
389	11727	10
389	19549	1
389	21909	3
389	22671	1
389	24064	9
390	1313	1
390	12094	1
390	12552	2
390	13806	1
392	12094	1
399	1768	6
399	18850	9
399	19549	5
402	1313	2
402	2811	1
402	7703	1
402	13806	1
402	15055	3
402	18816	1
402	20460	1
402	25044	6
405	2015	22
405	9134	1
407	7703	1
408	2015	4
409	1768	4
409	9327	1
409	19549	1
410	1769	4
410	1984	2
410	17024	4
410	21880	2
411	9990	1
411	20603	1
411	22742	12
412	1313	1
413	14277	1
415	1313	2
415	13806	1
415	15055	1
415	18816	1
415	25044	2
416	1313	3
416	3600	3
416	5710	1
416	13806	2
416	19549	1
416	20225	1
416	20988	1
416	24252	1
417	1313	2
417	13806	2
417	16446	1
417	16860	1
417	20719	1
417	20988	1
417	22671	1
417	25044	2
418	20460	1
419	20603	2
419	23272	1
420	1313	2
420	1768	1
420	13806	1
420	18816	1
426	17284	1
428	1313	5
428	1768	1
428	3600	2
428	5710	1
428	9009	2
428	9327	1
428	9990	1
428	10815	1
428	12129	1
428	13806	9
428	16446	1
428	16860	1
428	18816	4
428	20164	1
428	20603	1
428	20719	2
428	20807	1
428	20988	2
429	2811	1
429	7703	1
432	1313	4
432	7318	1
432	7703	1
432	9009	2
432	9990	1
432	13806	6
432	16446	2
432	16860	3
432	18816	5
432	20164	1
432	20603	1
432	20719	2
432	20807	1
432	24252	1
437	1768	8
437	9327	1
437	19549	1
439	1313	1
439	1768	1
439	9327	5
439	9948	1
439	10815	1
439	13806	1
439	18816	1
439	20164	1
439	25685	1
440	1313	2
440	5304	10
440	13806	1
440	18816	1
443	1313	7
443	7318	1
443	7703	1
443	9990	1
443	13806	7
443	16446	2
443	16860	2
443	18816	3
443	20603	1
443	20719	1
443	20807	1
443	20988	2
443	24252	1
452	1768	1
452	18850	3
452	19549	2
452	21909	1
467	11727	1
470	1313	1
471	9990	1
471	16446	1
472	1313	6
472	5304	1
472	13806	4
472	18816	2
472	20988	1
478	1313	2
479	12094	1
479	13109	1
482	4696	21
482	23317	25
494	1313	3
494	7703	1
494	13806	1
494	20988	1
