1021	1313	75
1021	1768	2
1021	1769	4
1021	1984	4
1021	2811	9
1021	2983	8
1021	3075	28
1021	3931	1
1021	4565	10
1021	4587	1
1021	5710	6
1021	7318	13
1021	7703	18
1021	9009	45
1021	9134	1
1021	9210	23
1021	9219	15
1021	9236	7
1021	9327	8
1021	9338	20
1021	9377	31
1021	10027	6
1021	10390	3
1021	10815	3
1021	11953	7
1021	12129	9
1021	12641	2
1021	12736	3
1021	13165	145
1021	13806	161
1021	14206	1
1021	14277	2
1021	15055	21
1021	15971	6
1021	16446	2
1021	16860	3
1021	17024	4
1021	18816	43
1021	19017	116
1021	19534	14
1021	19720	6
1021	20164	3
1021	20225	2
1021	20603	3
1021	20719	3
1021	20988	4
1021	21880	3
1021	21909	1
1021	22671	25
1021	24252	11
1021	24462	6
1021	25017	2
1021	25044	48
1021	25156	10
1021	25685	1
1021	26060	14
1037	1313	3
1037	1768	10
1037	2015	45
1037	3075	10
1037	4565	7
1037	5448	324
1037	7318	10
1037	7703	10
1037	9009	9
1037	9219	7
1037	9327	7
1037	9948	141
1037	9990	72
1037	11953	7
1037	12129	10
1037	12641	3
1037	13296	21
1037	13806	50
1037	14206	14
1037	18816	6
1037	19534	7
1037	20603	63
1037	20807	9
1037	23272	90
1313	1768	97
1313	1769	34
1313	1984	22
1313	2015	3
1313	2811	48
1313	2983	144
1313	3075	186
1313	3600	39
1313	3931	91
1313	4565	91
1313	4587	9
1313	5304	45
1313	5710	111
1313	6186	73
1313	7318	83
1313	7433	17
1313	7703	128
1313	8298	16
1313	8940	2
1313	9009	380
1313	9134	19
1313	9210	164
1313	9219	73
1313	9236	78
1313	9281	16
1313	9327	92
1313	9338	114
1313	9377	108
1313	9948	10
1313	9990	28
1313	10027	60
1313	10390	16
1313	10815	64
1313	11727	9
1313	11953	101
1313	12094	31
1313	12129	95
1313	12552	63
1313	12641	38
1313	12736	71
1313	13041	27
1313	13109	13
1313	13165	565
1313	13296	17
1313	13806	1429
1313	13884	22
1313	14206	14
1313	14277	37
1313	15055	160
1313	15971	56
1313	16446	69
1313	16860	88
1313	17024	34
1313	17284	47
1313	17837	16
1313	18490	50
1313	18816	471
1313	18850	1
1313	19017	353
1313	19354	19
1313	19534	310
1313	19549	11
1313	19720	26
1313	20164	56
1313	20225	66
1313	20460	7
1313	20603	95
1313	20719	81
1313	20807	42
1313	20988	77
1313	21880	16
1313	21909	40
1313	22671	92
1313	22742	7
1313	23272	37
1313	23292	47
1313	23317	1
1313	24064	7
1313	24252	93
1313	24462	38
1313	24973	68
1313	25017	14
1313	25044	376
1313	25156	51
1313	25685	35
1313	26060	71
1313	26286	43
1768	1769	8
1768	1984	4
1768	2015	1
1768	2811	4
1768	2983	52
1768	3075	32
1768	3600	23
1768	3931	32
1768	4565	20
1768	4587	26
1768	5710	37
1768	7318	13
1768	7433	16
1768	7703	20
1768	8298	15
1768	9009	71
1768	9210	26
1768	9219	8
1768	9236	23
1768	9281	4
1768	9327	47
1768	9338	8
1768	9377	17
1768	9948	1
1768	9990	6
1768	10027	23
1768	10390	12
1768	10815	23
1768	11727	15
1768	11953	29
1768	12094	20
1768	12129	27
1768	12641	9
1768	12736	11
1768	13041	7
1768	13109	2
1768	13165	57
1768	13296	6
1768	13806	259
1768	13884	1
1768	14206	5
1768	14277	12
1768	15055	17
1768	15971	5
1768	16446	12
1768	16860	12
1768	17024	7
1768	17284	11
1768	17837	6
1768	18816	81
1768	18850	94
1768	19017	32
1768	19354	7
1768	19534	92
1768	19549	82
1768	20164	20
1768	20225	2
1768	20603	27
1768	20719	19
1768	20807	17
1768	20988	13
1768	21880	1
1768	21909	28
1768	22671	6
1768	23272	9
1768	23292	12
1768	24064	24
1768	24252	3
1768	24973	12
1768	25017	18
1768	25044	43
1768	25156	3
1768	25685	13
1768	26060	12
1768	26286	2
1769	1984	236
1769	2811	2
1769	2983	9
1769	3075	11
1769	3931	10
1769	4022	24
1769	4565	11
1769	5304	2
1769	5710	13
1769	7318	4
1769	7703	6
1769	8298	3
1769	9009	27
1769	9210	36
1769	9219	6
1769	9236	11
1769	9281	21
1769	9327	12
1769	9338	4
1769	9377	12
1769	9990	1
1769	10027	15
1769	10390	5
1769	10815	9
1769	11953	8
1769	12129	9
1769	12641	3
1769	12736	7
1769	13109	3
1769	13165	74
1769	13296	6
1769	13806	98
1769	14277	1
1769	15055	37
1769	15971	17
1769	16446	3
1769	16860	2
1769	17024	132
1769	18816	25
1769	19017	32
1769	19534	31
1769	20164	20
1769	20225	14
1769	20397	142
1769	20719	4
1769	20807	22
1769	20988	6
1769	21880	166
1769	21909	4
1769	22671	5
1769	24252	10
1769	25017	32
1769	25044	73
1769	25156	2
1769	25685	3
1769	26060	4
1984	2811	1
1984	2983	8
1984	3075	7
1984	3931	6
1984	4022	32
1984	4565	9
1984	5304	1
1984	5710	12
1984	7318	3
1984	7703	4
1984	9009	16
1984	9210	28
1984	9219	7
1984	9236	11
1984	9281	7
1984	9327	11
1984	9338	6
1984	9377	8
1984	10027	11
1984	10390	4
1984	10815	8
1984	11953	8
1984	12094	3
1984	12129	5
1984	12641	1
1984	12736	7
1984	13109	1
1984	13165	59
1984	13296	2
1984	13806	77
1984	15055	34
1984	15971	13
1984	16446	1
1984	16860	1
1984	17024	115
1984	18816	13
1984	19017	25
1984	19534	27
1984	20164	11
1984	20225	7
1984	20397	132
1984	20719	4
1984	20807	8
1984	20988	3
1984	21880	208
1984	21909	4
1984	22671	4
1984	24252	5
1984	25017	14
1984	25044	59
1984	25156	1
1984	25685	3
1984	26060	2
2015	5448	180
2015	5710	3
2015	9009	1
2015	9134	31
2015	9338	1
2015	9377	2
2015	9948	75
2015	9990	40
2015	10815	1
2015	13165	1
2015	13806	4
2015	13884	1
2015	14277	1
2015	15055	1
2015	18816	2
2015	19017	4
2015	20603	35
2015	20807	5
2015	20988	1
2015	23272	50
2015	24973	2
2015	25044	2
2015	25685	6
2811	2983	19
2811	3075	29
2811	3600	1
2811	3931	8
2811	4565	10
2811	4587	3
2811	5710	4
2811	7318	12
2811	7703	30
2811	8298	1
2811	9009	24
2811	9210	23
2811	9219	9
2811	9236	10
2811	9327	3
2811	9338	19
2811	9377	13
2811	9948	1
2811	10027	7
2811	10390	1
2811	10815	1
2811	11953	4
2811	12129	7
2811	12736	1
2811	13165	79
2811	13806	113
2811	15055	14
2811	15971	1
2811	16446	1
2811	16860	9
2811	17024	2
2811	18816	25
2811	19017	42
2811	19534	25
2811	19720	8
2811	20225	3
2811	20460	1
2811	20603	1
2811	20719	3
2811	20807	1
2811	21880	1
2811	21909	2
2811	22671	7
2811	24252	14
2811	24462	8
2811	25044	45
2811	25156	9
2811	25685	1
2811	26060	14
2811	26286	1
2983	3075	73
2983	3600	22
2983	3931	129
2983	4565	44
2983	4587	1
2983	5710	134
2983	6186	17
2983	7318	21
2983	7433	22
2983	7703	40
2983	9009	155
2983	9134	9
2983	9210	119
2983	9219	27
2983	9236	79
2983	9281	10
2983	9327	48
2983	9338	88
2983	9377	25
2983	9948	3
2983	9990	1
2983	10027	86
2983	10390	2
2983	10815	70
2983	11727	3
2983	11953	99
2983	12094	14
2983	12129	50
2983	12552	9
2983	12641	13
2983	12736	46
2983	13109	17
2983	13165	172
2983	13296	1
2983	13806	557
2983	13884	7
2983	14277	16
2983	15055	21
2983	15971	41
2983	16446	2
2983	16860	16
2983	17024	7
2983	17837	14
2983	18490	8
2983	18816	96
2983	18850	4
2983	19017	63
2983	19354	36
2983	19534	315
2983	19549	4
2983	19720	2
2983	20164	12
2983	20225	1
2983	20603	54
2983	20719	53
2983	20807	14
2983	20988	6
2983	21880	5
2983	21909	20
2983	22671	10
2983	22742	4
2983	23272	26
2983	24064	2
2983	24252	6
2983	24462	5
2983	24973	52
2983	25017	7
2983	25044	118
2983	25156	12
2983	25685	53
2983	26060	6
2983	26286	21
3075	3600	12
3075	3931	58
3075	4565	38
3075	4587	1
3075	5304	2
3075	5710	33
3075	7318	35
3075	7433	9
3075	7703	62
3075	8298	1
3075	9009	147
3075	9134	1
3075	9210	60
3075	9219	37
3075	9236	54
3075	9281	9
3075	9327	38
3075	9338	40
3075	9377	41
3075	9948	5
3075	9990	3
3075	10027	39
3075	10390	5
3075	10815	17
3075	11727	3
3075	11953	57
3075	12094	6
3075	12129	49
3075	12641	15
3075	12736	41
3075	13165	203
3075	13296	3
3075	13806	504
3075	13884	11
3075	14206	3
3075	14277	8
3075	15055	44
3075	15971	18
3075	16446	8
3075	16860	31
3075	17024	11
3075	17837	2
3075	18816	122
3075	19017	121
3075	19354	1
3075	19534	184
3075	19720	23
3075	20164	16
3075	20225	14
3075	20603	27
3075	20719	20
3075	20807	10
3075	20988	3
3075	21880	6
3075	21909	16
3075	22671	23
3075	23272	9
3075	24252	32
3075	24462	20
3075	24973	13
3075	25017	4
3075	25044	116
3075	25156	23
3075	25685	13
3075	26060	22
3075	26286	17
3600	3931	17
3600	4565	5
3600	5710	21
3600	7318	1
3600	7433	108
3600	7703	5
3600	9009	19
3600	9210	12
3600	9219	5
3600	9236	13
3600	9281	3
3600	9327	11
3600	9338	7
3600	9377	4
3600	9948	1
3600	9990	3
3600	10027	8
3600	10390	149
3600	10815	10
3600	11727	2
3600	11953	15
3600	12094	27
3600	12129	11
3600	12436	42
3600	12736	12
3600	13165	16
3600	13806	99
3600	13884	14
3600	14206	38
3600	14277	4
3600	15055	1
3600	15971	2
3600	16446	5
3600	16860	3
3600	17837	7
3600	18816	22
3600	18850	110
3600	19017	6
3600	19354	6
3600	19534	56
3600	19549	4
3600	20164	3
3600	20225	6
3600	20603	9
3600	20719	13
3600	20807	6
3600	20988	7
3600	21909	3
3600	22742	5
3600	23272	3
3600	24064	1
3600	24252	3
3600	24462	1
3600	24973	5
3600	25017	1
3600	25044	11
3600	25156	1
3600	25685	2
3600	26060	1
3600	26286	1
3931	4565	17
3931	5710	43
3931	7318	8
3931	7433	14
3931	7703	25
3931	9009	78
3931	9210	45
3931	9219	19
3931	9236	68
3931	9281	14
3931	9327	32
3931	9338	4
3931	9377	11
3931	9948	5
3931	10027	61
3931	10815	16
3931	11727	5
3931	11953	99
3931	12094	10
3931	12129	37
3931	12641	2
3931	12736	75
3931	13109	2
3931	13165	61
3931	13806	300
3931	13884	8
3931	14277	10
3931	15055	2
3931	15971	14
3931	16860	3
3931	17024	8
3931	17837	2
3931	18816	66
3931	19017	26
3931	19354	1
3931	19534	324
3931	20164	8
3931	20603	48
3931	20719	21
3931	20807	14
3931	20988	3
3931	21880	3
3931	21909	16
3931	22671	1
3931	23272	21
3931	24973	29
3931	25017	6
3931	25044	35
3931	25156	5
3931	25685	18
3931	26286	5
4022	9134	3
4022	14277	5
4022	17024	10
4022	20397	16
4022	21880	24
4022	22972	961
4022	24973	3
4022	26286	3
4565	4587	1
4565	5304	1
4565	5710	44
4565	6186	3
4565	7318	19
4565	7433	6
4565	7703	26
4565	9009	89
4565	9134	5
4565	9210	44
4565	9219	15
4565	9236	18
4565	9281	11
4565	9327	24
4565	9338	66
4565	9377	15
4565	9948	2
4565	9990	3
4565	10027	16
4565	10390	4
4565	10815	28
4565	11727	1
4565	11953	19
4565	12094	5
4565	12129	21
4565	12552	3
4565	12641	17
4565	12736	13
4565	13109	13
4565	13165	88
4565	13296	17
4565	13806	324
4565	13884	9
4565	14206	9
4565	14277	6
4565	15055	24
4565	15971	15
4565	16446	8
4565	16860	13
4565	17024	10
4565	17837	5
4565	18490	3
4565	18816	68
4565	18850	1
4565	19017	42
4565	19354	18
4565	19534	71
4565	19549	2
4565	19720	4
4565	20164	7
4565	20225	8
4565	20460	1
4565	20603	23
4565	20719	15
4565	20807	8
4565	20988	6
4565	21880	4
4565	21909	9
4565	22671	9
4565	23272	12
4565	24064	3
4565	24252	16
4565	24462	3
4565	24973	25
4565	25017	3
4565	25044	69
4565	25156	12
4565	25685	15
4565	26060	14
4565	26286	23
4587	7318	1
4587	7703	2
4587	8298	3
4587	9009	7
4587	9210	5
4587	9219	1
4587	9281	6
4587	9338	2
4587	9377	1
4587	9948	3
4587	10815	6
4587	11727	6
4587	12094	15
4587	12290	3
4587	13165	13
4587	13296	9
4587	13806	15
4587	14277	4
4587	15055	7
4587	17837	6
4587	18816	7
4587	19017	6
4587	19549	10
4587	20164	9
4587	20225	4
4587	20603	6
4587	21909	6
4587	23272	6
4587	24064	6
4587	24252	6
4587	24973	4
4587	25044	12
4587	25156	1
4587	26060	25
4696	23317	525
5304	5710	3
5304	9009	5
5304	9210	10
5304	9219	1
5304	9327	3
5304	9377	1
5304	10390	1
5304	10815	2
5304	12094	2
5304	12129	2
5304	13165	17
5304	13806	30
5304	15055	13
5304	15971	5
5304	16446	1
5304	17024	2
5304	18816	20
5304	19017	5
5304	20164	4
5304	20225	9
5304	20460	2
5304	20807	2
5304	20988	2
5304	21880	1
5304	21909	3
5304	23317	2
5304	24252	6
5304	25017	1
5304	25044	24
5304	25156	1
5304	25685	1
5304	26060	1
5448	9948	540
5448	9990	288
5448	20603	252
5448	20807	36
5448	23272	360
5710	7318	12
5710	7433	18
5710	7703	16
5710	9009	140
5710	9134	7
5710	9210	124
5710	9219	18
5710	9236	29
5710	9281	4
5710	9327	47
5710	9338	97
5710	9377	20
5710	9948	1
5710	9990	5
5710	10027	42
5710	10390	6
5710	10815	117
5710	11727	3
5710	11953	42
5710	12094	10
5710	12129	27
5710	12641	21
5710	12736	15
5710	13109	19
5710	13165	174
5710	13296	16
5710	13806	464
5710	13884	19
5710	14206	10
5710	14277	9
5710	15055	58
5710	15971	55
5710	16446	20
5710	16860	18
5710	17024	13
5710	17837	23
5710	18816	78
5710	18850	3
5710	19017	52
5710	19354	45
5710	19534	118
5710	19549	4
5710	19720	2
5710	20164	15
5710	20225	25
5710	20460	3
5710	20603	31
5710	20719	46
5710	20807	11
5710	20988	22
5710	21880	9
5710	21909	12
5710	22671	10
5710	22742	16
5710	23272	16
5710	24064	6
5710	24252	16
5710	24462	11
5710	24973	34
5710	25017	10
5710	25044	175
5710	25156	8
5710	25685	72
5710	26060	6
5710	26286	23
6186	8298	23
6186	9009	9
6186	9219	3
6186	9327	3
6186	11953	3
6186	12129	6
6186	12552	230
6186	12736	6
6186	13806	56
6186	14277	64
6186	16446	17
6186	17837	3
6186	18490	203
6186	18816	38
6186	19534	9
6186	20460	3
6186	24973	6
6186	26286	27
7318	7703	35
7318	9009	68
7318	9134	1
7318	9210	17
7318	9219	12
7318	9236	11
7318	9327	13
7318	9338	10
7318	9377	13
7318	9948	1
7318	9990	4
7318	10027	7
7318	10390	3
7318	10815	7
7318	11953	8
7318	12129	17
7318	12641	9
7318	12736	3
7318	13165	74
7318	13296	3
7318	13806	210
7318	13884	7
7318	14206	2
7318	14277	1
7318	15055	18
7318	15971	3
7318	16446	6
7318	16860	12
7318	17024	4
7318	17837	1
7318	18816	58
7318	19017	45
7318	19354	1
7318	19534	30
7318	20164	6
7318	20225	3
7318	20603	7
7318	20719	12
7318	20807	7
7318	20988	3
7318	21880	2
7318	21909	4
7318	22671	14
7318	24252	14
7318	24462	1
7318	25017	1
7318	25044	40
7318	25156	5
7318	25685	5
7318	26060	10
7318	26286	13
7433	7703	3
7433	9009	17
7433	9210	15
7433	9219	4
7433	9236	7
7433	9281	3
7433	9327	7
7433	9338	13
7433	9377	5
7433	9948	1
7433	9990	1
7433	10027	6
7433	10390	99
7433	10815	10
7433	11727	2
7433	11953	13
7433	12094	19
7433	12129	5
7433	12436	21
7433	12736	11
7433	13165	18
7433	13806	69
7433	13884	9
7433	14206	25
7433	14277	5
7433	15055	1
7433	15971	4
7433	16446	3
7433	16860	1
7433	17837	3
7433	18816	13
7433	18850	74
7433	19017	6
7433	19354	9
7433	19534	35
7433	19549	2
7433	20164	1
7433	20225	3
7433	20603	6
7433	20719	9
7433	20807	3
7433	21909	2
7433	22742	5
7433	23272	3
7433	24064	1
7433	24462	1
7433	24973	6
7433	25017	1
7433	25044	14
7433	25156	1
7433	25685	2
7433	26286	2
7703	8298	1
7703	9009	92
7703	9134	1
7703	9210	28
7703	9219	20
7703	9236	26
7703	9281	3
7703	9327	19
7703	9338	21
7703	9377	23
7703	9948	2
7703	9990	4
7703	10027	17
7703	10390	4
7703	10815	8
7703	11727	1
7703	11953	23
7703	12094	2
7703	12129	27
7703	12641	9
7703	12736	15
7703	13165	119
7703	13296	3
7703	13806	310
7703	13884	8
7703	14206	2
7703	14277	3
7703	15055	28
7703	15971	3
7703	16446	7
7703	16860	21
7703	17024	6
7703	17837	1
7703	18816	83
7703	19017	71
7703	19354	1
7703	19534	83
7703	19720	8
7703	20164	7
7703	20225	5
7703	20460	1
7703	20603	14
7703	20719	16
7703	20807	9
7703	20988	4
7703	21880	3
7703	21909	8
7703	22671	19
7703	23272	3
7703	24252	20
7703	24462	9
7703	24973	4
7703	25017	1
7703	25044	67
7703	25156	11
7703	25685	7
7703	26060	16
7703	26286	13
8298	9009	2
8298	11727	97
8298	12552	27
8298	13296	1
8298	13806	12
8298	14277	13
8298	16860	1
8298	17024	3
8298	17837	1
8298	18490	20
8298	18816	8
8298	19549	9
8298	20164	1
8298	21909	36
8298	22671	9
8298	24064	90
8298	24462	1
8298	25017	9
8298	25156	1
8298	26060	1
8940	13806	1
8940	20988	1
9009	9134	12
9009	9210	136
9009	9219	69
9009	9236	57
9009	9281	17
9009	9327	74
9009	9338	198
9009	9377	67
9009	9948	5
9009	9990	19
9009	10027	50
9009	10390	12
9009	10815	96
9009	11727	7
9009	11953	87
9009	12094	17
9009	12129	85
9009	12552	9
9009	12641	68
9009	12736	62
9009	13109	28
9009	13165	332
9009	13296	9
9009	13806	1222
9009	13884	52
9009	14206	12
9009	14277	22
9009	15055	78
9009	15971	57
9009	16446	44
9009	16860	71
9009	17024	27
9009	17837	26
9009	18490	9
9009	18816	302
9009	18850	4
9009	19017	178
9009	19354	49
9009	19534	244
9009	19549	9
9009	19720	24
9009	20164	51
9009	20225	24
9009	20460	1
9009	20603	53
9009	20719	66
9009	20807	30
9009	20988	25
9009	21880	11
9009	21909	30
9009	22671	34
9009	22742	2
9009	23272	14
9009	24064	10
9009	24252	42
9009	24462	30
9009	24973	29
9009	25017	10
9009	25044	213
9009	25156	32
9009	25685	53
9009	26060	43
9009	26286	104
9134	9219	2
9134	9338	2
9134	9377	1
9134	9948	4
9134	10027	9
9134	10390	1
9134	10815	1
9134	11953	1
9134	12129	5
9134	12736	4
9134	13165	2
9134	13806	34
9134	13884	2
9134	14277	13
9134	18816	14
9134	19017	2
9134	19534	34
9134	20603	48
9134	20988	1
9134	23272	40
9134	24252	1
9134	24973	116
9134	25044	1
9134	25156	1
9134	25685	62
9134	26286	1
9210	9219	46
9210	9236	60
9210	9327	67
9210	9338	81
9210	9377	51
9210	10027	61
9210	10390	12
9210	10815	73
9210	11727	1
9210	11953	51
9210	12094	5
9210	12129	47
9210	12641	14
9210	12736	23
9210	13109	8
9210	13165	485
9210	13806	540
9210	13884	1
9210	14277	8
9210	15055	137
9210	15971	120
9210	16446	9
9210	16860	9
9210	17024	36
9210	17837	10
9210	18816	84
9210	18850	5
9210	19017	170
9210	19354	24
9210	19534	159
9210	19549	5
9210	20164	32
9210	20225	50
9210	20460	1
9210	20603	12
9210	20719	35
9210	20807	6
9210	20988	17
9210	21880	23
9210	21909	19
9210	22671	13
9210	22742	4
9210	23272	4
9210	24064	1
9210	24252	62
9210	24462	2
9210	24973	11
9210	25017	24
9210	25044	380
9210	25156	19
9210	25685	31
9210	26060	31
9210	26286	9
9219	9236	25
9219	9281	3
9219	9327	28
9219	9338	22
9219	9377	16
9219	9948	1
9219	10027	18
9219	10390	5
9219	10815	10
9219	11727	1
9219	11953	30
9219	12094	3
9219	12129	29
9219	12552	3
9219	12641	2
9219	12736	20
9219	13165	115
9219	13296	3
9219	13806	262
9219	13884	1
9219	14206	5
9219	14277	5
9219	15055	29
9219	15971	17
9219	16446	5
9219	16860	3
9219	17024	6
9219	17837	2
9219	18490	3
9219	18816	48
9219	19017	53
9219	19534	80
9219	19720	4
9219	20164	7
9219	20225	5
9219	20603	7
9219	20719	9
9219	20807	4
9219	20988	2
9219	21880	5
9219	21909	6
9219	22671	5
9219	23272	3
9219	24252	16
9219	24462	4
9219	24973	6
9219	25017	5
9219	25044	71
9219	25156	11
9219	25685	6
9219	26060	15
9219	26286	9
9236	9281	8
9236	9327	34
9236	9338	15
9236	9377	18
9236	9948	2
9236	10027	52
9236	10390	2
9236	10815	12
9236	11727	2
9236	11953	60
9236	12094	2
9236	12129	41
9236	12641	3
9236	12736	52
9236	13165	118
9236	13806	260
9236	13884	2
9236	14277	3
9236	15055	20
9236	15971	21
9236	16446	1
9236	16860	4
9236	17024	11
9236	18816	46
9236	19017	53
9236	19534	255
9236	19720	4
9236	20164	7
9236	20603	13
9236	20719	20
9236	20807	7
9236	20988	2
9236	21880	7
9236	21909	15
9236	22671	5
9236	23272	4
9236	24252	2
9236	24462	3
9236	24973	5
9236	25017	7
9236	25044	58
9236	25156	3
9236	25685	6
9236	26060	1
9236	26286	2
9281	9327	7
9281	9338	68
9281	9948	2
9281	10027	3
9281	10815	4
9281	11727	5
9281	11953	13
9281	12094	18
9281	12129	3
9281	12641	2
9281	12736	16
9281	13109	17
9281	13296	127
9281	13806	59
9281	13884	5
9281	14206	56
9281	14277	2
9281	15055	1
9281	16446	16
9281	16860	2
9281	17024	21
9281	17837	1
9281	18816	14
9281	19354	14
9281	19534	37
9281	19549	1
9281	19720	2
9281	20164	3
9281	20603	3
9281	20719	1
9281	20988	1
9281	21909	2
9281	22742	1
9281	23272	3
9281	24064	5
9281	24462	2
9281	24973	2
9281	25044	1
9281	26060	9
9327	9338	50
9327	9377	12
9327	9948	6
9327	9990	3
9327	10027	26
9327	10390	6
9327	10815	30
9327	11727	2
9327	11953	36
9327	12094	6
9327	12129	40
9327	12552	3
9327	12641	7
9327	12736	24
9327	13109	5
9327	13165	125
9327	13296	3
9327	13806	276
9327	13884	2
9327	14206	2
9327	14277	6
9327	15055	52
9327	15971	29
9327	16446	10
9327	16860	5
9327	17024	12
9327	17837	2
9327	18490	3
9327	18816	62
9327	18850	2
9327	19017	44
9327	19354	10
9327	19534	111
9327	19549	5
9327	19720	4
9327	20164	19
9327	20225	16
9327	20603	14
9327	20719	16
9327	20807	12
9327	20988	10
9327	21880	8
9327	21909	11
9327	22671	4
9327	22742	2
9327	23272	5
9327	24064	3
9327	24252	15
9327	24462	5
9327	24973	9
9327	25017	8
9327	25044	116
9327	25156	6
9327	25685	20
9327	26060	4
9327	26286	11
9338	9377	24
9338	10027	15
9338	10390	3
9338	10815	74
9338	11727	34
9338	11953	12
9338	12129	11
9338	12641	44
9338	12736	6
9338	13109	175
9338	13165	170
9338	13806	574
9338	13884	37
9338	14206	2
9338	14277	6
9338	15055	24
9338	15971	29
9338	16446	9
9338	16860	69
9338	17024	4
9338	17837	6
9338	18816	84
9338	18850	6
9338	19017	71
9338	19354	278
9338	19534	29
9338	19549	6
9338	19720	71
9338	20164	5
9338	20225	1
9338	20460	1
9338	20603	1
9338	20719	16
9338	20807	3
9338	20988	4
9338	21880	4
9338	21909	2
9338	22671	16
9338	22742	6
9338	24064	70
9338	24252	16
9338	24462	71
9338	24973	7
9338	25017	4
9338	25044	94
9338	25156	27
9338	25685	14
9338	26060	17
9338	26286	8
9377	10027	16
9377	10390	5
9377	10815	12
9377	11953	21
9377	12094	2
9377	12129	14
9377	12641	1
9377	12736	9
9377	13165	236
9377	13806	239
9377	14206	1
9377	14277	3
9377	15055	38
9377	15971	15
9377	16446	2
9377	17024	12
9377	18816	66
9377	18850	2
9377	19017	207
9377	19354	6
9377	19534	54
9377	19549	2
9377	20164	8
9377	20225	9
9377	20603	8
9377	20719	8
9377	20807	2
9377	20988	6
9377	21880	7
9377	21909	4
9377	22671	36
9377	23272	2
9377	24252	15
9377	24973	5
9377	25017	3
9377	25044	95
9377	25156	8
9377	25685	4
9377	26060	12
9377	26286	2
9948	9990	120
9948	10027	2
9948	10815	1
9948	11727	1
9948	11953	5
9948	12094	1
9948	12129	2
9948	12290	1
9948	12736	7
9948	13165	1
9948	13806	19
9948	13884	1
9948	14277	2
9948	18816	7
9948	19534	20
9948	20164	2
9948	20225	1
9948	20603	119
9948	20807	15
9948	23272	162
9948	24973	20
9948	25044	2
9948	25685	2
9948	26060	3
9990	10815	3
9990	12094	3
9990	12129	4
9990	12641	6
9990	13806	63
9990	13884	1
9990	16446	15
9990	16860	10
9990	17024	1
9990	18816	23
9990	19549	1
9990	20164	6
9990	20225	1
9990	20603	61
9990	20719	9
9990	20807	12
9990	20988	7
9990	21909	1
9990	22742	12
9990	23272	80
9990	24252	2
9990	25044	1
9990	26060	2
9990	26286	4
10027	10390	1
10027	10815	18
10027	11727	1
10027	11953	52
10027	12094	8
10027	12129	28
10027	12641	4
10027	12736	28
10027	13109	2
10027	13165	108
10027	13806	223
10027	13884	1
10027	14277	6
10027	15055	13
10027	15971	23
10027	16446	1
10027	16860	5
10027	17024	13
10027	17837	2
10027	18816	37
10027	19017	47
10027	19354	1
10027	19534	182
10027	19720	4
10027	20164	7
10027	20603	35
10027	20719	17
10027	20807	9
10027	20988	3
10027	21880	7
10027	21909	10
10027	22671	4
10027	23272	19
10027	24252	2
10027	24462	3
10027	24973	38
10027	25017	9
10027	25044	57
10027	25156	6
10027	25685	25
10027	26060	1
10027	26286	3
10390	10815	4
10390	11953	3
10390	12094	24
10390	12129	4
10390	12436	42
10390	12736	2
10390	13165	30
10390	13806	58
10390	13884	12
10390	14206	38
10390	15055	19
10390	15971	6
10390	16446	1
10390	17024	5
10390	17837	1
10390	18816	10
10390	18850	108
10390	19017	13
10390	19534	5
10390	20164	3
10390	20225	8
10390	20719	2
10390	20988	1
10390	21880	3
10390	21909	2
10390	22671	2
10390	22742	1
10390	24252	6
10390	25017	2
10390	25044	34
10390	25156	2
10390	25685	2
10390	26060	2
10815	11727	3
10815	11953	19
10815	12094	6
10815	12129	12
10815	12641	13
10815	12736	8
10815	13109	13
10815	13165	103
10815	13296	9
10815	13806	286
10815	13884	12
10815	14206	5
10815	14277	4
10815	15055	40
10815	15971	32
10815	16446	13
10815	16860	13
10815	17024	9
10815	17837	16
10815	18816	50
10815	18850	2
10815	19017	30
10815	19354	33
10815	19534	44
10815	19549	3
10815	19720	1
10815	20164	13
10815	20225	15
10815	20460	2
10815	20603	8
10815	20719	30
10815	20807	7
10815	20988	11
10815	21880	6
10815	21909	8
10815	22671	7
10815	22742	12
10815	23272	3
10815	24064	6
10815	24252	10
10815	24462	6
10815	24973	6
10815	25017	6
10815	25044	110
10815	25156	3
10815	25685	44
10815	26060	5
10815	26286	15
11727	11953	5
11727	12094	2
11727	12129	1
11727	12641	1
11727	12736	6
11727	13109	5
11727	13165	1
11727	13296	1
11727	13806	23
11727	13884	2
11727	14277	3
11727	15055	2
11727	16860	4
11727	17837	1
11727	18816	7
11727	19354	8
11727	19534	13
11727	19549	11
11727	19720	1
11727	20164	3
11727	20603	2
11727	20719	3
11727	20807	1
11727	21909	34
11727	22671	10
11727	23272	2
11727	24064	107
11727	24462	1
11727	24973	1
11727	25017	3
11727	25044	2
11727	26060	1
11953	12094	10
11953	12129	37
11953	12552	3
11953	12641	3
11953	12736	75
11953	13109	2
11953	13165	106
11953	13296	3
11953	13806	342
11953	13884	7
11953	14206	3
11953	14277	13
11953	15055	19
11953	15971	16
11953	16446	1
11953	16860	1
11953	17024	8
11953	17837	3
11953	18490	3
11953	18816	74
11953	19017	53
11953	19354	1
11953	19534	284
11953	20164	10
11953	20603	42
11953	20719	17
11953	20807	9
11953	20988	1
11953	21880	6
11953	21909	15
11953	22671	5
11953	23272	19
11953	24252	2
11953	24973	28
11953	25017	4
11953	25044	63
11953	25156	7
11953	25685	17
11953	26060	3
11953	26286	11
12094	12129	5
12094	12290	1
12094	12552	2
12094	12641	5
12094	12736	2
12094	13109	1
12094	13165	8
12094	13296	46
12094	13806	69
12094	13884	2
12094	14206	30
12094	14277	2
12094	15055	4
12094	16446	18
12094	16860	3
12094	17837	2
12094	18816	21
12094	18850	18
12094	19017	4
12094	19354	2
12094	19534	22
12094	19549	5
12094	20164	6
12094	20225	2
12094	20460	1
12094	20603	12
12094	20719	5
12094	20807	4
12094	20988	6
12094	21909	5
12094	23272	6
12094	24064	2
12094	24973	6
12094	25017	1
12094	25044	11
12094	25156	2
12094	25685	4
12094	26060	10
12129	12552	6
12129	12641	8
12129	12736	24
12129	13165	97
12129	13296	3
12129	13806	295
12129	13884	1
12129	14206	3
12129	14277	11
12129	15055	29
12129	15971	17
12129	16446	8
12129	16860	11
12129	17024	9
12129	17837	3
12129	18490	6
12129	18816	70
12129	19017	39
12129	19534	144
12129	19720	10
12129	20164	11
12129	20225	10
12129	20603	28
12129	20719	17
12129	20807	12
12129	20988	5
12129	21880	4
12129	21909	10
12129	22671	4
12129	23272	15
12129	24252	15
12129	24462	5
12129	24973	30
12129	25017	4
12129	25044	74
12129	25156	8
12129	25685	10
12129	26060	8
12129	26286	19
12290	20460	20
12290	26060	3
12436	14206	21
12552	12736	6
12552	13806	52
12552	14277	50
12552	16446	9
12552	17837	3
12552	18490	141
12552	18816	32
12552	19534	9
12552	20460	3
12552	24973	6
12552	26286	27
12641	12736	1
12641	13109	7
12641	13165	21
12641	13296	8
12641	13806	154
12641	13884	15
12641	14206	5
12641	15055	2
12641	15971	9
12641	16446	11
12641	16860	10
12641	17024	3
12641	17837	2
12641	18816	36
12641	19017	7
12641	19354	11
12641	19534	7
12641	19549	1
12641	19720	2
12641	20164	9
12641	20225	1
12641	20603	5
12641	20719	10
12641	20807	3
12641	20988	4
12641	21880	1
12641	21909	3
12641	24064	3
12641	24252	2
12641	24462	1
12641	25017	1
12641	25044	12
12641	25156	1
12641	25685	7
12641	26060	4
12641	26286	23
12736	13165	53
12736	13806	219
12736	13884	12
12736	14277	14
12736	15055	16
12736	15971	7
12736	17024	7
12736	17837	2
12736	18490	6
12736	18816	54
12736	19017	26
12736	19534	268
12736	20164	9
12736	20603	54
12736	20719	9
12736	20807	8
12736	21880	5
12736	21909	8
12736	22671	4
12736	23272	30
12736	24973	50
12736	25017	3
12736	25044	35
12736	25156	1
12736	25685	5
12736	26286	18
13041	13165	24
13041	13806	19
13041	15055	2
13041	17284	147
13041	18816	10
13041	19017	19
13041	20988	2
13041	23292	171
13041	25044	2
13109	13165	4
13109	13296	2
13109	13806	78
13109	13884	5
13109	14206	1
13109	15971	4
13109	16860	8
13109	17024	3
13109	17837	4
13109	18816	13
13109	19354	43
13109	19534	4
13109	19720	5
13109	20164	4
13109	20603	1
13109	20719	2
13109	20807	4
13109	20988	2
13109	22742	2
13109	24064	10
13109	24462	5
13109	25017	3
13109	25044	6
13109	25685	6
13165	13806	1324
13165	13884	1
13165	14206	2
13165	14277	13
13165	15055	325
13165	15971	189
13165	16446	19
13165	16860	14
13165	17024	74
13165	17284	37
13165	17837	10
13165	18816	292
13165	18850	6
13165	19017	789
13165	19354	25
13165	19534	286
13165	19549	6
13165	19720	16
13165	20164	63
13165	20225	94
13165	20603	34
13165	20719	57
13165	20807	9
13165	20988	32
13165	21880	50
13165	21909	32
13165	22671	137
13165	22742	4
13165	23272	8
13165	23292	40
13165	24064	1
13165	24252	138
13165	24462	19
13165	24973	18
13165	25017	41
13165	25044	813
13165	25156	62
13165	25685	38
13165	26060	103
13165	26286	9
13296	13806	62
13296	14206	150
13296	15055	1
13296	16446	36
13296	17024	6
13296	17837	1
13296	18816	17
13296	19354	8
13296	19534	3
13296	19549	1
13296	20164	2
13296	20225	8
13296	20603	1
13296	21909	1
13296	23272	1
13296	24064	1
13296	25044	9
13296	26060	16
13806	13884	92
13806	14206	59
13806	14277	74
13806	15055	321
13806	15971	201
13806	16446	148
13806	16860	230
13806	17024	95
13806	17284	31
13806	17837	66
13806	18490	45
13806	18816	1008
13806	18850	18
13806	19017	700
13806	19354	135
13806	19534	996
13806	19549	24
13806	19720	79
13806	20164	140
13806	20225	90
13806	20460	6
13806	20603	199
13806	20719	237
13806	20807	96
13806	20988	129
13806	21880	47
13806	21909	102
13806	22671	130
13806	22742	16
13806	23272	66
13806	23292	31
13806	24064	23
13806	24252	188
13806	24462	96
13806	24973	130
13806	25017	44
13806	25044	861
13806	25156	142
13806	25685	156
13806	26060	173
13806	26286	204
13884	14206	3
13884	14277	1
13884	15971	5
13884	16446	1
13884	16860	4
13884	17837	5
13884	18816	19
13884	18850	9
13884	19354	8
13884	19534	25
13884	19720	1
13884	20164	4
13884	20603	12
13884	20719	3
13884	20807	1
13884	20988	1
13884	21909	2
13884	22671	3
13884	23272	3
13884	24064	2
13884	24462	1
13884	24973	5
13884	25044	2
13884	25685	19
13884	26286	37
14206	16446	20
14206	18816	15
14206	18850	27
14206	19017	2
14206	19354	5
14206	19534	3
14206	20164	1
14206	20225	5
14206	20807	1
14206	22742	2
14206	24252	1
14206	25044	5
14206	25156	1
14206	26060	10
14277	15055	3
14277	15971	2
14277	16446	2
14277	16860	1
14277	17024	1
14277	17837	4
14277	18490	44
14277	18816	25
14277	18850	1
14277	19017	5
14277	19354	4
14277	19534	40
14277	19549	2
14277	20164	1
14277	20225	1
14277	20460	1
14277	20603	18
14277	20719	3
14277	20807	3
14277	21909	3
14277	22671	1
14277	23272	13
14277	24064	3
14277	24252	2
14277	24973	32
14277	25017	4
14277	25044	10
14277	25156	9
14277	25685	4
14277	26060	3
14277	26286	28
15055	15971	66
15055	16446	9
15055	16860	1
15055	17024	35
15055	17284	3
15055	17837	5
15055	18816	86
15055	19017	122
15055	19354	1
15055	19534	39
15055	19549	1
15055	20164	31
15055	20225	51
15055	20460	5
15055	20603	2
15055	20719	12
15055	20807	3
15055	20988	10
15055	21880	21
15055	21909	19
15055	22671	23
15055	23272	1
15055	23292	2
15055	24064	2
15055	24252	53
15055	25017	19
15055	25044	371
15055	25156	12
15055	25685	16
15055	26060	34
15971	16446	5
15971	16860	3
15971	17024	17
15971	17837	4
15971	18816	27
15971	18850	2
15971	19017	53
15971	19354	8
15971	19534	47
15971	19549	2
15971	20164	16
15971	20225	25
15971	20460	1
15971	20603	1
15971	20719	12
15971	20988	9
15971	21880	11
15971	21909	7
15971	22671	1
15971	24252	25
15971	24462	1
15971	24973	2
15971	25017	12
15971	25044	166
15971	25156	5
15971	25685	16
15971	26060	9
15971	26286	9
16446	16860	20
16446	17024	3
16446	18490	8
16446	18816	52
16446	19017	6
16446	19354	3
16446	19534	2
16446	19549	4
16446	19720	4
16446	20164	10
16446	20225	9
16446	20603	8
16446	20719	15
16446	20807	8
16446	20988	17
16446	21880	1
16446	21909	1
16446	22671	1
16446	23272	1
16446	24064	2
16446	24252	12
16446	24462	4
16446	25017	1
16446	25044	26
16446	25156	3
16446	25685	1
16446	26060	12
16446	26286	2
16860	17024	2
16860	17837	3
16860	18816	64
16860	19017	3
16860	19354	13
16860	19534	11
16860	19549	1
16860	19720	66
16860	20164	10
16860	20603	8
16860	20719	27
16860	20807	9
16860	20988	12
16860	21909	5
16860	22671	4
16860	24064	4
16860	24252	5
16860	24462	48
16860	25017	2
16860	25044	8
16860	25156	18
16860	25685	3
16860	26060	3
16860	26286	8
17024	18816	25
17024	19017	32
17024	19534	29
17024	20164	16
17024	20225	14
17024	20397	44
17024	20719	4
17024	20807	12
17024	20988	6
17024	21880	80
17024	21909	4
17024	22671	5
17024	24252	10
17024	25017	20
17024	25044	71
17024	25156	2
17024	25685	3
17024	26060	4
17284	18816	17
17284	19017	33
17284	20988	3
17284	23292	261
17284	25044	3
17837	18490	3
17837	18816	12
17837	18850	1
17837	19354	6
17837	19534	7
17837	19549	1
17837	20164	1
17837	20225	27
17837	20603	1
17837	20719	22
17837	20988	2
17837	21909	2
17837	22671	1
17837	22742	9
17837	23272	1
17837	24064	1
17837	24252	12
17837	24462	2
17837	24973	2
17837	25044	28
17837	25156	2
17837	25685	6
17837	26060	3
17837	26286	9
18490	18816	27
18490	19534	9
18490	20460	2
18490	24973	6
18490	26286	27
18816	18850	1
18816	19017	189
18816	19354	20
18816	19534	211
18816	19549	7
18816	19720	16
18816	20164	42
18816	20225	34
18816	20460	3
18816	20603	62
18816	20719	61
18816	20807	35
18816	20988	40
18816	21880	10
18816	21909	26
18816	22671	46
18816	22742	7
18816	23272	23
18816	23292	17
18816	24064	6
18816	24252	47
18816	24462	22
18816	24973	42
18816	25017	7
18816	25044	197
18816	25156	31
18816	25685	24
18816	26060	46
18816	26286	41
18850	19017	2
18850	19354	3
18850	19549	64
18850	20719	1
18850	21909	3
18850	24973	1
18850	25044	4
18850	26286	1
19017	19354	6
19017	19534	136
19017	19549	2
19017	19720	6
19017	20164	23
19017	20225	31
19017	20603	23
19017	20719	21
19017	20807	4
19017	20988	20
19017	21880	21
19017	21909	11
19017	22671	116
19017	23272	4
19017	23292	32
19017	24252	53
19017	24462	6
19017	24973	8
19017	25017	13
19017	25044	305
19017	25156	29
19017	25685	11
19017	26060	43
19017	26286	2
19354	19534	2
19354	19549	3
19354	19720	7
19354	20164	1
19354	20225	3
19354	20719	17
19354	20807	2
19354	20988	2
19354	21909	1
19354	22742	8
19354	24064	16
19354	24462	9
19354	24973	3
19354	25017	1
19354	25044	21
19354	25685	4
19354	26286	6
19534	19720	4
19534	20164	25
19534	20603	228
19534	20719	63
19534	20807	42
19534	20988	9
19534	21880	15
19534	21909	54
19534	22671	11
19534	23272	129
19534	24252	4
19534	24462	3
19534	24973	227
19534	25017	19
19534	25044	152
19534	25156	15
19534	25685	55
19534	26060	9
19534	26286	34
19549	20164	2
19549	20225	2
19549	20603	1
19549	20719	2
19549	20988	3
19549	21909	7
19549	22671	1
19549	23272	1
19549	24064	10
19549	24252	2
19549	24973	2
19549	25044	5
19549	26060	3
19549	26286	1
19720	20719	1
19720	22671	3
19720	24064	2
19720	24462	48
19720	25156	15
19720	26060	2
20164	20225	10
20164	20460	1
20164	20603	6
20164	20719	12
20164	20807	11
20164	20988	7
20164	21880	6
20164	21909	10
20164	22671	2
20164	22742	2
20164	23272	2
20164	24064	5
20164	24252	11
20164	24973	1
20164	25017	11
20164	25044	63
20164	25156	2
20164	25685	4
20164	26060	5
20164	26286	10
20225	20719	6
20225	20988	6
20225	21880	7
20225	21909	5
20225	22671	2
20225	22742	5
20225	24252	33
20225	24462	1
20225	24973	1
20225	25017	5
20225	25044	123
20225	25156	5
20225	25685	5
20225	26060	8
20397	20807	2
20397	21880	99
20397	25017	3
20460	20807	1
20460	20988	1
20460	21909	1
20460	24462	1
20460	25044	7
20460	25156	2
20460	25685	1
20603	20719	12
20603	20807	21
20603	20988	4
20603	21909	8
20603	22671	1
20603	22742	12
20603	23272	217
20603	24064	1
20603	24252	4
20603	24462	2
20603	24973	259
20603	25044	18
20603	25156	7
20603	25685	24
20603	26060	2
20603	26286	10
20719	20807	9
20719	20988	12
20719	21880	2
20719	21909	8
20719	22671	7
20719	22742	13
20719	23272	2
20719	24064	2
20719	24252	4
20719	24462	7
20719	24973	4
20719	25017	4
20719	25044	40
20719	25156	3
20719	25685	7
20719	26060	3
20719	26286	10
20807	20988	6
20807	21880	3
20807	21909	4
20807	22742	2
20807	23272	14
20807	24064	2
20807	24252	2
20807	24973	6
20807	25017	18
20807	25044	6
20807	25156	1
20807	25685	3
20807	26286	1
20988	21880	1
20988	21909	2
20988	22671	5
20988	22742	1
20988	23292	2
20988	24252	8
20988	24462	1
20988	24973	1
20988	25017	2
20988	25044	29
20988	25156	1
20988	25685	11
20988	26060	4
21880	21909	2
21880	22671	3
21880	24252	5
21880	25017	6
21880	25044	43
21880	25156	1
21880	25685	2
21880	26060	2
21909	22671	4
21909	23272	3
21909	24064	35
21909	24252	5
21909	24462	1
21909	24973	3
21909	25017	4
21909	25044	37
21909	25156	3
21909	25685	4
21909	26060	2
21909	26286	6
22671	24064	9
22671	24252	13
22671	24462	9
22671	25017	1
22671	25044	49
22671	25156	12
22671	25685	5
22671	26060	12
22671	26286	1
22742	24462	4
22742	25044	4
23272	24064	1
23272	24462	1
23272	24973	203
23272	25044	7
23272	25156	2
23272	25685	14
23272	26060	1
23292	25044	2
24064	24462	2
24064	25017	4
24064	25044	2
24064	26060	1
24064	26286	1
24252	24973	1
24252	25017	5
24252	25044	133
24252	25156	15
24252	25685	5
24252	26060	25
24462	25044	1
24462	25156	17
24462	25685	1
24462	26060	3
24973	25044	14
24973	25156	3
24973	25685	85
24973	26060	1
24973	26286	20
25017	25044	38
25017	25156	1
25017	25685	2
25017	26060	1
25044	25156	37
25044	25685	51
25044	26060	75
25044	26286	7
25156	25685	3
25156	26060	13
25685	26060	1
25685	26286	17
